ASB1 1832 HG03644 12 [1891, 1988, 1993, 1973, 1985, 1549, 1995, 1993, 1550, 1990, 1536, 1543]
ASB1 1914 NA21117 13 [1953, 1867, 2004, 1921, 1929, 1998, 1997, 1632, 1983, 1989, 1947, 2000, 1673]
ASB1 4215 HG03473 6 [4339, 4361, 4343, 4095, 4089, 4066]
ASB1 4155 HG03493 11 [4071, 4072, 4067, 4065, 4357, 4092, 4285, 4245, 4057, 4321, 4079]

CLASP1 2792 HG01286 9 [2996, 2639, 3002, 2621, 2999, 2641, 2630, 2625, 2975]
CLASP1 2813 HG01577 20 [2712, 2630, 3000, 2647, 2633, 2635, 2640, 2611, 2987, 2991, 2647, 2977, 2931, 3004, 2637, 2603, 3007, 3001, 2980, 2989]
CLASP1 3160 NA18498 7 [3160, 3154, 3154, 3164, 3162, 3177, 3152]
CLASP1 3168 HG03521 21 [3137, 3167, 3168, 3161, 3167, 3174, 3164, 3158, 3131, 3116, 3422, 3156, 3168, 3091, 3151, 3168, 3173, 3186, 3154, 3163, 3154]

FOCAD1 3687 HG01896 12 [3348, 3959, 3795, 3343, 3311, 3413, 3988, 3372, 3986, 3886, 3908, 3945]
FOCAD1 3716 HG03821 21 [3993, 3411, 3959, 3904, 3989, 3966, 3383, 3982, 4009, 3401, 4006, 3376, 3325, 3395, 4029, 3972, 3378, 3919, 3893, 3433, 3330]
FOCAD1 4456 HG02635 11 [4380, 4547, 4388, 4378, 4374, 4539, 4535, 4494, 4555, 4545, 4283]
FOCAD1 4466 HG02284 10 [4352, 5011, 4576, 4337, 4320, 4369, 4438, 4382, 4518, 4366]
